1 0.7866941314105214 0.43025080761565687 0.020380144607032625 0.05067922179601783
1 0.8254948368778935 0.08359457033928659 0.05486970842059818 0.05956112852664577
1 0.9234763924196705 0.06138976763782082 0.07681753437775572 0.054858934169279
1 0.9060356951965296 0.129571585819639 0.08661574016662993 0.05956112852664577
1 0.6726435729155185 0.09613375529226464 0.08622376600620958 0.08986415085747698
1 0.6203214094822439 0.01750261432324831 0.12267291356646826 0.03500522864649662
1 0.40397808202780533 0.021421109621053955 0.03723302411724721 0.04284221924210791
1 0.3442093065946961 0.030041799276226366 0.0823045267489712 0.06008359855245273
1 0.3238291261057374 0.10318704682831481 0.04859883949239418 0.08725183660333807
1 0.3945718145174254 0.13140021895166473 0.043503821281599055 0.13322885208369048
1 0.2536743092298648 0.08019854506728791 0.059572788352899024 0.0768025078369906
1 0.1545169567935681 0.1481191222570533 0.15520282186948853 0.2962382445141066
1 0.44023126044881694 0.35606062599110383 0.45620226986193785 0.6065830960169107