1 0.13296099735105268 0.25940440067303216 0.10346854791299237 0.08725183660333807
1 0.2233000255766369 0.15464995572559512 0.05918085007440476 0.20376175548589343
1 0.2703311837189062 0.1272204826618063 0.08739954495976632 0.16248693436290776
1 0.3367627125358245 0.04858934169278997 0.18342155263677615 0.09717868338557994
1 0.4249461161116163 0.10841171121148854 0.02273170251414609 0.06739811912225706
1 0.4676660967181529 0.048328112659035805 0.02821869488536155 0.05172413793103448
1 0.5107780156031838 0.028996865203761758 0.05408583186360964 0.057993730407523515
1 0.8168724459245021 0.6593521500829619 0.05251807874963257 0.08359458229758523
1 0.9121105411625975 0.61990598002945 0.03919267962779247 0.1750261073575872
1 0.707133100847158 0.8317659671030075 0.0446796002351558 0.06060599682846787
1 0.7802273471659593 0.9783176912409385 0.03566527100327013 0.04336461751812304
1 0.3759553383407278 0.4132706453807675 0.42014506058017337 0.45245557444222667