1 0.42651383334366727 0.6528213166144201 0.0564373897707231 0.054858934169279
1 0.21565746237851816 0.8409091387422856 0.0376249265138154 0.0559038981374902
1 0.07730746619635509 0.9414838354415656 0.0768175702596818 0.06583072100313479
1 0.04007447796103396 0.8819227069149197 0.05565354909566064 0.06374079306671239
1 0.9105428598124725 0.5141066069886976 0.03997648442092887 0.05747124842341791
1 0.9532628045370829 0.5585162123916291 0.0815207219558348 0.14942525546752547
1 0.845483079088358 0.45585163558912123 0.07368217167750588 0.04231974921630094
1 0.8676268921257256 0.31452456387606537 0.12267291356646826 0.28631137381526744
1 0.8013913683299805 0.22805643829058705 0.061532407981518225 0.14681296512998385
1 0.7435822125254904 0.24242425039644153 0.0407603609779174 0.11180774844178586
1 0.7380952560362012 0.1836468209293569 0.14814814814814814 0.07575759170197395
1 0.6516755029497814 0.07262278350543079 0.072506320960097 0.14524556701086158
1 0.44924555379877645 0.3881922694956621 0.3660591928346377 0.5276906961183937