1 0.10121498354598397 0.14994776136822835 0.05016655672444518 0.05851621239162912
1 0.0631981187536743 0.41640544161901205 0.09249459905248751 0.03866247099395082
1 0.10650598883698927 0.07758621287570104 0.04507153851365006 0.050679209837719195
1 0.18930041152263372 0.07758620689655173 0.17401528512639622 0.15517241379310345
1 0.39770724898152743 0.0963949843260188 0.04507157439557613 0.1426332288401254
1 0.6754360389597341 0.04075235109717868 0.11179694030510533 0.08150470219435736
1 0.7220262889649011 0.12382445738980763 0.026651013535236624 0.07105538538630853
1 0.7494611431752003 0.08333333532638311 0.03292181069958848 0.05903865850083881
1 0.9616892442921903 0.0966562193389223 0.05134244332378013 0.06374085285820558
1 0.9215168086729773 0.16849530976394125 0.08935927223416373 0.047544401641176036
1 0.8639036040667715 0.19331245063614322 0.048598911256246324 0.031347962382445145
1 0.8880070726146844 0.2306687645030246 0.03331378486000882 0.07575759170197395
1 0.9168136569768243 0.2889237359026009 0.04154423753490594 0.025078369905956112
1 0.980501707549098 0.2863113977318647 0.035665199239417994 0.03866247099395082
1 0.97 0.22166666666666668 0.06 0.04833333333333333
1 0.9826572783760013 0.1789446265719901 0.03370561549272486 0.062173442780784675
1 0.9405251872462429 0.259143171639278 0.06623552379574515 0.05642633228840126
1 0.747697474744865 0.5893417167065659 0.0223398001175779 0.06478580486811815
1 0.6054281854825746 0.7646291128894004 0.056045487374154906 0.06426332288401254
1 0.7576915958500973 0.7596656536233837 0.10111699000587888 0.109717868338558
1 0.942141874336902 0.7941484122440733 0.11571625132619598 0.0449320156372453
1 0.9389575417780442 0.8082549953161737 0.09210273253784539 0.24973883075773903
1 0.6994905017671131 0.9054336787017534 0.12267291356646826 0.08568436673442399
1 0.39574759347098215 0.3753918674672285 0.5561434450323339 0.6964472588326864