1 0.27091907319568453 0.5143678479807504 0.0219478977210097 0.04858934169278997
1 0.12453459347787148 0.4286834094965346 0.025475234581679895 0.05276905406605114
1 0.2131099532731206 0.3738244514106583 0.043503821281599055 0.032915360501567396
1 0.332843419455697 0.27168234463395746 0.021164021164021163 0.05851618847503184
1 0.16451107789880035 0.20794149177575189 0.029394473838918286 0.06165100862987363
1 0.08514599853372097 0.17398120318086918 0.039192607863940326 0.049111799760298294
1 0.10905349794238683 0.4960815047021943 0.02429941974619709 0.06739811912225706
1 0.15079365079365079 0.5645245877926627 0.023123640792640357 0.054858934169279
1 0.07946307290518445 0.6491640862252646 0.030962191070969283 0.03918495297805643
1 0.021800898440370555 0.4958202876267389 0.04360179688074111 0.05433650001836794
1 0.5958260026558366 0.5143678479807503 0.40290020690953854 0.9158830313846983