1 0.2289829512051734 0.07575757974367531 0.060356664909887565 0.15151515948735061
1 0.27895357467229753 0.0901253978286791 0.11875367430922987 0.06635319102894176
1 0.3048206937095826 0.057993730407523515 0.06074856730645575 0.047021943573667714
1 0.3886929556315678 0.03944618799095991 0.019204365653475896 0.04127482112298565
1 0.3886929556315678 0.09273773002026596 0.012149691932135508 0.045454545454545456
1 0.5356652889442332 0.053552771063060216 0.07172251616696061 0.07262278350543079
1 0.7757201825500165 0.12460815644936876 0.03997648442092887 0.12277952331734303
1 0.7839506352249137 0.3821839239903752 0.06897898409942681 0.04231974921630094
1 0.6019008845038304 0.3440438871473354 0.08112874779541446 0.032915360501567396
1 0.08886928659267525 0.5525078609071928 0.024691358024691357 0.056948814272506865
1 0.007691550997689778 0.4568965756407352 0.015383101995379556 0.07575759170197395
1 0.4461101372756374 0.4652560123455562 0.3942778518380732 0.7027168154342796