1 0.49588477366255146 0.3644200626959248 0.45326278659611996 0.6253918495297806
1 0.1025867136978248 0.3069488142725068 0.08426414637759037 0.1677115987460815
1 0.16470702909708446 0.2651515231237142 0.09406231628453852 0.15256009953896454
1 0.21310993533215755 0.1481191222570533 0.02625907525674236 0.02664576802507837
1 0.2413286302175191 0.18913271434628476 0.023907517349628895 0.03866247099395082
1 0.139819719874109 0.10423198090077941 0.04428769783858759 0.04649947354786075
1 0.09533607083723729 0.03239289645490975 0.07760141093474426 0.0647857929098195
1 0.33891830130369077 0.039707423003863394 0.043503821281599055 0.07941484600772679
1 0.5364491655012217 0.1922675105845293 0.06231628453850676 0.07210031347962383
1 0.6861649949994947 0.06347962980360072 0.0411522633744856 0.06948798726718627
1 0.13060945738490226 0.8309822680434464 0.07133057788846635 0.061128526645768025
1 0.2601411114153898 0.8244514584915018 0.043503821281599055 0.030302998414233936