1 0.3024691537434322 0.3665099427991526 0.07172251616696061 0.08725186051993535
1 0.14942192064180998 0.3581504821777344 0.08152068607390874 0.08725183660333807
1 0.19037821487704842 0.544148388327476 0.05369392946704145 0.10292579387796336
1 0.14295511845628492 0.5935214290798271 0.07407407407407407 0.12016717318830819
1 0.21663727219282772 0.7212643997048883 0.09445425456303277 0.0977012132028801
1 0.5072506608015506 0.5002612409920527 0.4397413645121436 0.22831764340774394
1 0.8264746287512401 0.2860501806564092 0.06388396588863168 0.09456636913144104
1 0.6746031925441376 0.08202717222016434 0.10346854791299237 0.10553813204869955
1 0.7970801907942479 0.549373040752351 0.03880070546737213 0.06426332288401254
1 0.7087007821972828 0.6496865442927728 0.06976293242026749 0.060083610510751374
1 0.7800313600857491 0.9480146928267046 0.08152065019198267 0.0987460815047022