1 0.4435626281702399 0.5263845509496229 0.49892225046847444 0.274294670846395
1 0.41847936774898037 0.7823929263506564 0.06466784244562022 0.08829682448814655
1 0.4349402730987746 0.905694895777209 0.06701940035273368 0.06321835891580134
1 0.1274740408617633 0.743730407523511 0.07054673721340388 0.057993730407523515
1 0.12355478366356187 0.5235109717868338 0.025083296303185624 0.06896551724137931
1 0.6834705045544212 0.28069488381891045 0.0451695141127921 0.08019854506728791
1 0.7529884441539443 0.35344828782036763 0.06427594004905203 0.06844305917387099
1 0.480599665207277 0.8738244514106583 0.04781496293540564 0.07366771159874608
1 0.63031549470555 0.9148380674164872 0.03292181069958848 0.0647858527013127
1 0.8725259591382367 0.9725705329153604 0.07995296884185774 0.04231974921630094
1 0.9648246069924401 0.7850052406047953 0.043503821281599055 0.027690731993289575
1 0.7627866140608924 0.5389237359026008 0.03370561549272486 0.03918495297805643